10,303
10,241
10,15
10,139
10,243
10,83
10,143
11,27
11,5
11,11
11,17
8,13
8,7
8,12
52,4
52,3
52,2
52,1
52,0
51,3
51,2
51,1
51,0
50,3
50,2
50,1
50,0
49,5
49,4
49,3
49,2
49,1
49,0
48,4
48,3
48,2
48,1
48,0
46,5
46,4
46,3
46,2
46,1
46,0
43,5
43,4
43,3
43,2
43,1
43,0
41,5
41,4
41,1
41,3
29,3
29,1
20,3
20,2
20,1
19,3
19,2
19,1
18,3
18,1
14,3
14,1
13,1
13,3
12,3
12,2
12,1
11,29
11,25
11,21
11,15
11,13
11,12
11,9
11,7
11,3
11,2
11,1
10,295
10,281
10,261
10,155
10,125
10,111
10,69
10,23
10,13
10,3
10,2
10,1
9,7
9,5
9,3
9,2
9,1
8,15
8,14
8,10
8,9
